CAPVTV 132
1441141144 4444401400 videm us 141044404411400440414444044404 41·
4411440444444 00114110441000444144040444411444010411414040444444
,4014044440040441444004010400144 1004011414144444141 41410014·
tiones varias 00444 00114444110444141 1040441444 0044040444 omnes
044100140041 004004414110440444 00040141441,14400404100444,ου0
40444011104044414441010040’,410100’444444 040044 4441001440ου0 oe·-
,100140401000414414140 010000 410404404414000, 4044140444 00·
’,1440440 1444044040 1444 04444 144110144100004104140044444104
Ἰ1400404,1401041011,1100444000, 10100000440001040 4404014044-
,444444 00044 40444 144144 ,44004014 444141, 6< 444444 0444444404· 441, 6< 4414
, 0040401400414,0.11 1400400400441444 0,,4404014414 00011404 .Ωο-
,1044444410 0001014410440114444,04404 441441414100441404411401404
40444,404410144141011444014440041040144041110404004404444044111,
4444444410401404 41400414180444411,414441441440410041044411404410, 00
401, 04441 444 00 0010401400 044 4440 0000 4010004000414 404141 4
,440000 4410100101 <cer 40 <Q 0414104 0011410 44014400 1404
0410044400440441 4400141040441444140140410010844 &cs-
,144444404410044 04410444··,44440444010104440410440444444, 01410
401, 004110404444440 44404 41444· 440010 4044444104 444,,40,0 ,044410 0410144 04
44141000440044444 844044 ²³6⁷- 4414144010440440114144400444
0404410 040 044441 401400 44440 000004444104444401
,10404404444044 ,0441144000 00101 4140444400044444 10440411 ‘³72'
414100144044414441 0044444414444 000100404410104044441140040444
,0141 0001400444,041100401040410441144444444 <ona 410441 14440441
,4440104104044480444440 444· 40401444 4400000010 404440404400
4440044014 444441 cu 111· 41 441014440444,444 4141404444 ·4οῑ 4000014440
00 0040040044410014 04444400140010444441140004444011440
,404 4110 <maguus 1444114,1141·44441440111044401401440414004,
,0401410444 0044404404 80401444 00444044 044444 040 444 ia 414100
1144004 o< 10440444000144041,4440 4040 4440414004 0044110441 t.. ·4·0
,444 6. 00011011 444044 0414410414, 4400 10444·,44044 44114· 1401441 00, 04041
meommaummumwmffioemnmmkmd εμ-
414400, 4444 44104444 044044141441004441004444010044040000414·
QMQQmmfflQmmwwxamRQtrffimmspmm&
,0110044004014404404414141141141 ,440 444 04014 1414 4041, 40001 14
,0444144414110144000114440,4,440440441040444444410 0110 411041 440 404· ,4-
,141 41100400 044444 044444414104184 004414104014,44 1444401414
,14440444 41400444 6< 4444 0444444,414 4144444441 444414 04 ,4οῆ00040 0444

1ἷέ11111ῦ4111δ lchCPOffC 0101163 mundes {62:665 1411144111 6:6²6<

R 4 D 11104041

 

