C ,1111Τέ ’11111999

999011 9919999909909909909901999999. ’1099199990 19991 99999 ’99 199999
1019999990119919000990909, 99391109999099901991199, τ99999 0
999909990990919011919019199999999999,990119.9099,99999991989· 9
991099 19 ,quo 55525’5555 919119 9101 019999 1991 11099, 19991 99 9101 9919 999 ,9999 909-

- 9999991999· 9119 ,1909900919199999191999190 9999911909, 1999999919. 9 5555

999, magn 909090901919919,1919190 9991999 9199191 ag 9999 9991999999 01919-
-9990991909999999110901119919999909110099911,9.3909991999191 90919 5555-
1091 093019909919019,99199319199’9199990900999919991993199999991
’0199199999 09996919 3991111009 excitata 91919010 999.- 0999 9999 0911319909
999 1109999999,900’11191990110999,91911,11999,99199 919990 91999 etasgu
19, 91919 quea} 19, 99019911901999, 11999. 1999 991 90 909999191909998911
1999991990.,999119191999999901919999909199 999999 tationereaii,

9911009 5spers5555555 9999919 99999999 & 1099199909, ..09 991999 99999· ,999

esa-5555} ,9091090919910911 ’9909909110 999990, 99991999 1999199189

999999 ,0999919991-0909919999999 9,199999990111199 9919999119 991999 19109
91 919. ,0999 9901191999 9099991 9999 quadamtenus & 11199991 0 1999019910119
0. 09 9190 099999 990099 019910199999 999 90,ουοά 91999 09 'ta-6555

0999900099999, 99199999 0,,99 9919999910099990909191990

aqam* 999 999199999 999111999999009 99099 9, 909 ’9009919099

0909 99 0090999999099099999199998,99199999 0091991911οε 53:

9119999099. ’99-,91991911 933909999090091999999199999,999999. 991999 (Ξ,

199909999999.,19910090999090930999909999999990999991999999999999·,191
011199 19909999 0099990999’-9911909099909,1’99199,9.9 901999.. ..1190

55555555 0999199091 1999099991009019990909 90119991.0.,19,8 0110

99999090 99999. 999091990999099000091090,09.191Ζ199,990

00109109·1999999119099139009191919909890119001099999090·
1999· 09919909 09109009919119 999099999901131999909090999..19991·

99, &555 999 00199 9111099999 91999 9110, 899009901199100999 91991-

9099 919901999999999.99119.9919999990’919999,89’99099019119199

39909 99999190999900990109 9911. onya5 0,.9991991191911

4 9910001090 91990099919199991999 19,91909990910199,9,099 19919·

1911199 811111101111118ρἃἶί188181119099112119οἿ91119901. 0910111909

5555 9991 1999980911 99909909 ,909999 ’9199 umentes 1191911091 99991 19910

99οΝ909999999099999091999909οω991919919109,,9,99·

1999919999 91909919991991999 denotarent 99199 0901999 90109909- ”

pora, quae naturam 9099999999 , 19 9919 9101999990 magis 50⁷5· ·
wpziuamque 505555555 0999999999, ’199991119 09999919 9199 99109·

5555&

 

